((("C-f" .
   [1 0 0])
  ("bind-key" .
   [0 0 0 0 1 0 0 0])
  ("emacs" .
   [2 0 0 0 0])
  (":ensure" .
   [1 0 0 0 0 0 0])
  ("emacs-lisp" .
   [0 0 1 1 0 1 1 0 0 0])
  ("private" .
   [1 0 0 0 0 0 0])
  ("files" .
   [1 0 0 0 0])
  ("***" .
   [1 0 0])
  ("magit" .
   [1 0 0 0 0])
  ("install" .
   [1 0 0 0 0 0 0])
  ("TODO" .
   [3 0 0 0])
  ("init" .
   [3 0 0 0])
  ("Emacs" .
   [0 0 0 0 1])
  ("ensure" .
   [0 0 0 1 0 0])
  ("use-package" .
   [0 0 0 1 0 0 0 0 0 0 0])
  ("none" .
   [1 0 0 0])
  ("main" .
   [3 0 0 0])
  ("settings" .
   [1 0 0 0 0 0 0 0])
  ("class" .
   [0 0 0 1 0])
  ("boost" .
   [4 0 0 0 0])
  ("asio" .
   [2 0 0 0])
  ("io_context" .
   [0 0 0 1 0 0 0 0 0 0])
  ("deadline_timer" .
   [0 0 0 1 0 0 0 0 0 0 0 0 0 0])
  ("posix_time" .
   [0 0 1 0 0 0 0 0 0 0])
  ("microseconds" .
   [0 0 1 0 0 0 0 0 0 0 0 0])
  ("wait" .
   [1 0 0 0])
  ("cout" .
   [1 0 0 0])
  ("fmt" .
   [1 0 0])
  ("format" .
   [0 0 0 0 1 0])
  ("laptop" .
   [1 0 0 0 0 0])
  ("set" .
   [1 0 0])))
